P1,67,F
Heart Rate
Count;FT0;FT1;FT2;FT3;
1;105.0;96.0;95.0;89.0;
2;117.0;101.0;96.0;88.0;
3;104.0;102.0;98.0;88.0;
4;109.0;103.0;99.0;90.0;
5;104.0;104.0;100.0;87.0;
6;110.0;106.0;103.0;84.0;
7;114.0;109.0;107.0;91.0;
8;112.0;113.0;108.0;96.0;
9;102.0;103.0;103.0;98.0;
10;114.0;103.0;102.0;101.0;
11;101.0;105.0;106.0;101.0;
12;111.0;107.0;104.0;101.0;
13;105.0;104.0;105.0;99.0;
14;108.0;106.0;105.0;103.0;
15;109.0;108.0;107.0;94.0;
16;107.0;106.0;107.0;95.0;
17;106.0;106.0;106.0;101.0;
18;110.0;108.0;108.0;101.0;
19;105.0;105.0;105.0;101.0;
20;102.0;103.0;103.0;103.0;
21;110.0;102.0;103.0;99.0;
22;103.0;103.0;103.0;102.0;
23;107.0;105.0;104.0;101.0;
24;113.0;101.0;105.0;104.0;
25;102.0;106.0;105.0;99.0;
26;114.0;110.0;109.0;97.0;
27;111.0;110.0;110.0;101.0;
28;114.0;111.0;112.0;104.0;
29;112.0;113.0;113.0;108.0;
30;111.0;111.0;113.0;97.0;
31;102.0;104.0;105.0;100.0;
32;114.0;104.0;106.0;95.0;
33;111.0;109.0;111.0;103.0;
34;112.0;110.0;111.0;107.0;
35;112.0;111.0;111.0;109.0;
36;111.0;107.0;107.0;109.0;
37;111.0;108.0;107.0;109.0;
38;113.0;112.0;110.0;109.0;
39;113.0;113.0;112.0;106.0;
40;111.0;112.0;110.0;107.0;
41;109.0;112.0;108.0;108.0;
42;112.0;110.0;109.0;109.0;
43;102.0;106.0;108.0;109.0;
44;106.0;107.0;107.0;110.0;
45;118.0;113.0;111.0;115.0;
46;112.0;111.0;111.0;113.0;
47;117.0;114.0;113.0;114.0;
48;114.0;114.0;112.0;115.0;
49;111.0;113.0;112.0;113.0;
50;119.0;113.0;113.0;114.0;
51;107.0;112.0;116.0;110.0;
52;112.0;111.0;112.0;109.0;
53;109.0;110.0;110.0;105.0;
54;119.0;114.0;113.0;100.0;
55;115.0;114.0;110.0;104.0;
56;113.0;113.0;111.0;106.0;
57;109.0;110.0;106.0;103.0;
58;111.0;111.0;109.0;106.0;
59;110.0;111.0;111.0;103.0;
60;111.0;112.0;112.0;102.0;
61;117.0;113.0;113.0;103.0;
62;122.0;116.0;110.0;100.0;
63;120.0;117.0;108.0;105.0;
64;115.0;117.0;112.0;109.0;
65;120.0;117.0;115.0;111.0;
66;118.0;117.0;116.0;112.0;
67;120.0;116.0;115.0;113.0;
68;118.0;117.0;117.0;114.0;
69;123.0;118.0;118.0;115.0;
70;121.0;121.0;120.0;113.0;
71;118.0;121.0;121.0;112.0;
72;116.0;118.0;121.0;115.0;
73;119.0;117.0;119.0;116.0;
74;119.0;117.0;118.0;116.0;
75;118.0;116.0;118.0;115.0;
76;118.0;116.0;119.0;115.0;
77;109.0;112.0;115.0;114.0;
78;113.0;109.0;113.0;114.0;
79;118.0;114.0;115.0;115.0;
80;115.0;116.0;117.0;110.0;
81;115.0;116.0;117.0;112.0;
82;118.0;114.0;113.0;113.0;
83;116.0;116.0;117.0;116.0;
84;120.0;116.0;117.0;116.0;
85;113.0;117.0;116.0;115.0;
86;113.0;115.0;114.0;115.0;
87;114.0;114.0;114.0;116.0;
88;114.0;114.0;113.0;115.0;
89;111.0;112.0;111.0;109.0;
90;117.0;114.0;113.0;107.0;
91;116.0;114.0;114.0;109.0;
92;119.0;118.0;115.0;110.0;
93;118.0;118.0;116.0;112.0;
94;118.0;119.0;118.0;106.0;
95;118.0;119.0;118.0;115.0;
96;121.0;119.0;119.0;118.0;
97;124.0;120.0;121.0;119.0;
98;123.0;110.0;124.0;116.0;
99;126.0;117.0;122.0;114.0;
100;125.0;117.0;121.0;117.0;
101;123.0;121.0;120.0;119.0;
102;124.0;121.0;121.0;120.0;
103;130.0;125.0;124.0;120.0;
104;123.0;124.0;123.0;113.0;
105;124.0;121.0;122.0;119.0;
106;123.0;123.0;123.0;122.0;
107;125.0;123.0;123.0;122.0;
108;126.0;123.0;121.0;121.0;
109;123.0;124.0;123.0;114.0;
110;123.0;123.0;122.0;118.0;
111;122.0;0.0;122.0;116.0;
112;116.0;120.0;122.0;116.0;
113;122.0;118.0;117.0;107.0;
114;122.0;118.0;117.0;107.0;
115;122.0;116.0;120.0;106.0;
116;124.0;120.0;111.0;104.0;
117;123.0;121.0;114.0;107.0;
118;124.0;122.0;101.0;99.0;
119;123.0;122.0;100.0;106.0;
120;129.0;123.0;106.0;111.0;
121;119.0;121.0;112.0;117.0;
122;128.0;122.0;116.0;118.0;
123;133.0;124.0;119.0;119.0;
124;135.0;125.0;122.0;120.0;
125;134.0;124.0;119.0;125.0;
126;135.0;128.0;0.0;127.0;
127;141.0;125.0;0.0;127.0;
128;144.0;125.0;131.0;125.0;
129;145.0;126.0;136.0;124.0;
130;143.0;130.0;140.0;125.0;
131;144.0;138.0;140.0;123.0;
132;146.0;140.0;143.0;124.0;
133;145.0;142.0;144.0;125.0;
134;142.0;139.0;143.0;126.0;
135;146.0;140.0;143.0;127.0;
136;146.0;141.0;144.0;128.0;
137;147.0;143.0;145.0;132.0;
138;147.0;142.0;145.0;134.0;
139;146.0;143.0;145.0;135.0;
140;144.0;144.0;145.0;135.0;
141;145.0;144.0;145.0;137.0;
142;148.0;145.0;145.0;137.0;
143;149.0;145.0;144.0;139.0;
144;148.0;147.0;147.0;140.0;
145;150.0;147.0;147.0;139.0;
146;151.0;148.0;149.0;139.0;
147;153.0;150.0;146.0;139.0;
148;156.0;152.0;150.0;138.0;
149;155.0;149.0;150.0;142.0;
150;155.0;142.0;151.0;148.0;
151;158.0;152.0;148.0;149.0;
152;160.0;145.0;154.0;150.0;
153;160.0;137.0;156.0;150.0;
154;165.0;141.0;160.0;152.0;
155;165.0;146.0;162.0;152.0;
156;168.0;153.0;165.0;157.0;
157;167.0;161.0;166.0;163.0;
158;168.0;162.0;166.0;165.0;
159;171.0;164.0;168.0;167.0;
160;170.0;167.0;169.0;168.0;
161;171.0;166.0;169.0;169.0;
162;174.0;167.0;171.0;171.0;
163;176.0;168.0;173.0;173.0;
164;175.0;170.0;174.0;175.0;
165;172.0;173.0;174.0;175.0;
166;170.0;172.0;172.0;172.0;
167;169.0;165.0;170.0;169.0;
168;169.0;162.0;170.0;169.0;
169;171.0;161.0;169.0;169.0;
170;171.0;162.0;170.0;167.0;
171;166.0;166.0;169.0;169.0;
172;167.0;165.0;167.0;168.0;
173;168.0;165.0;167.0;166.0;
174;167.0;167.0;168.0;168.0;
175;169.0;167.0;168.0;167.0;
176;169.0;168.0;168.0;168.0;
177;169.0;168.0;169.0;169.0;
178;169.0;169.0;169.0;169.0;
179;170.0;169.0;169.0;169.0;
180;170.0;168.0;170.0;169.0;
181;171.0;167.0;170.0;170.0;
Steps
Count;FT0;FT1;FT2;FT3;FT4;FT5;
1;101.0;101.0;49.0;48.0;46.0;47.0;
2;196.0;192.0;127.0;115.0;104.0;106.0;
3;291.0;287.0;194.0;177.0;184.0;187.0;
4;388.0;385.0;281.0;256.0;241.0;247.0;
5;484.0;483.0;363.0;335.0;321.0;331.0;
6;594.0;592.0;421.0;395.0;405.0;424.0;
7;704.0;701.0;507.0;467.0;487.0;516.0;
8;813.0;812.0;597.0;532.0;577.0;603.0;
9;922.0;919.0;655.0;598.0;658.0;674.0;
10;1031.0;1028.0;779.0;687.0;741.0;765.0;
11;1150.0;1149.0;887.0;764.0;822.0;851.0;
12;1267.0;1264.0;993.0;871.0;921.0;951.0;
13;1382.0;1380.0;1092.0;968.0;1003.0;1053.0;
14;1498.0;1495.0;1206.0;1074.0;1099.0;1162.0;
15;1614.0;1615.0;1314.0;1171.0;1203.0;1278.0;
16;1739.0;1738.0;1427.0;1273.0;1306.0;1388.0;
17;1864.0;1863.0;1542.0;1369.0;1420.0;1510.0;
18;1985.0;1985.0;1654.0;1470.0;1528.0;1626.0;
19;2107.0;2106.0;1756.0;1575.0;1634.0;1738.0;
20;2231.0;2228.0;1873.0;1678.0;1741.0;1851.0;
21;2369.0;2371.0;1980.0;1766.0;1854.0;1968.0;
22;2507.0;2506.0;2077.0;1850.0;1941.0;2077.0;
23;2645.0;2647.0;2183.0;1951.0;2036.0;2180.0;
24;2784.0;2784.0;2281.0;2043.0;2136.0;2291.0;
25;2935.0;2934.0;2409.0;2164.0;2272.0;2425.0;
26;3098.0;3081.0;2567.0;2321.0;2429.0;2581.0;
27;3259.0;3239.0;2720.0;2476.0;2586.0;2739.0;
28;3417.0;3386.0;2875.0;2628.0;2739.0;2890.0;
29;3578.0;3540.0;3036.0;2787.0;2900.0;3049.0;
30;3741.0;3697.0;3190.0;2945.0;3056.0;3207.0;
Energy expenditure
Count;FT0;FT1;FT2;FT3;FT4;FT5;
0;0.0;0.0;0.0;0.0;0.0;0.0;
1;2.4;0.0;3.0;4.0;5.0;4.0;
2;6.699999999999999;0.0;8.0;9.0;12.0;10.0;
3;11.6;0.0;14.0;16.0;19.0;18.0;
4;16.6;0.0;21.0;23.0;27.0;25.0;
5;21.5;0.0;28.0;30.0;34.0;32.0;
6;26.6;0.0;33.0;37.0;42.0;41.0;
7;32.1;0.0;39.0;45.0;51.0;49.0;
8;37.3;0.0;46.0;52.0;59.0;58.0;
9;42.90000000000001;37.0;53.0;61.0;68.0;67.0;
10;48.10000000000001;37.0;61.0;68.0;77.0;75.0;
11;53.40000000000001;37.0;69.0;76.0;86.0;84.0;
12;59.60000000000001;37.0;77.0;85.0;95.0;93.0;
13;65.9;37.0;86.0;94.0;105.0;103.0;
14;72.2;37.0;94.0;104.0;114.0;113.0;
15;78.5;37.0;103.0;113.0;123.0;123.0;
16;84.7;37.0;111.0;122.0;132.0;132.0;
17;91.7;37.0;120.0;131.0;142.0;142.0;
18;99.60000000000001;37.0;129.0;141.0;153.0;153.0;
19;107.4;37.0;138.0;151.0;163.0;163.0;
20;114.8;37.0;147.0;160.0;173.0;173.0;
21;122.4;37.0;155.0;169.0;184.0;183.0;
22;132.1;37.0;164.0;179.0;195.0;193.0;
23;143.6;37.0;172.0;189.0;207.0;206.0;
24;156.1;37.0;180.0;201.0;219.0;219.0;
25;168.1;37.0;189.0;214.0;233.0;232.0;
26;180.7;37.0;200.0;227.0;247.0;246.0;
27;195.0;37.0;213.0;242.0;261.0;262.0;
28;211.0;37.0;228.0;259.0;278.0;279.0;
29;226.7;37.0;241.0;275.0;294.0;296.0;
30;242.8;37.0;256.0;292.0;310.0;312.0;
Distance
Count;FT0;FT1;FT2;FT3;FT4;FT5;
1;2887.0;2950.0;2410.0;2290.0;2420.0;2520.0;
