P8,54,F
Heart Rate
Count;FT0;FT1;FT2;FT3;
1;107.0;103.0;105.0;97.0;
2;117.0;98.0;106.0;96.0;
3;120.0;100.0;115.0;99.0;
4;119.0;105.0;117.0;101.0;
5;119.0;112.0;118.0;100.0;
6;118.0;115.0;118.0;101.0;
7;119.0;116.0;118.0;97.0;
8;119.0;117.0;119.0;99.0;
9;120.0;110.0;119.0;95.0;
10;118.0;101.0;119.0;93.0;
11;120.0;101.0;119.0;99.0;
12;117.0;109.0;119.0;109.0;
13;112.0;110.0;116.0;112.0;
14;112.0;111.0;113.0;109.0;
15;116.0;112.0;114.0;109.0;
16;114.0;113.0;113.0;110.0;
17;114.0;114.0;114.0;110.0;
18;112.0;111.0;112.0;111.0;
19;110.0;109.0;112.0;118.0;
20;109.0;101.0;110.0;118.0;
21;114.0;105.0;111.0;114.0;
22;114.0;107.0;113.0;111.0;
23;114.0;109.0;112.0;111.0;
24;112.0;104.0;111.0;101.0;
25;115.0;102.0;108.0;101.0;
26;117.0;108.0;111.0;117.0;
27;116.0;111.0;112.0;107.0;
28;115.0;0.0;114.0;102.0;
29;113.0;113.0;111.0;102.0;
30;116.0;112.0;101.0;110.0;
31;116.0;116.0;101.0;114.0;
32;120.0;112.0;105.0;111.0;
33;119.0;109.0;103.0;112.0;
34;115.0;112.0;108.0;115.0;
35;115.0;0.0;105.0;108.0;
36;114.0;112.0;120.0;112.0;
37;115.0;110.0;129.0;110.0;
38;114.0;106.0;135.0;111.0;
39;115.0;106.0;135.0;106.0;
40;114.0;109.0;145.0;107.0;
41;112.0;111.0;145.0;107.0;
42;113.0;112.0;136.0;108.0;
43;114.0;112.0;0.0;106.0;
44;113.0;105.0;128.0;100.0;
45;114.0;111.0;122.0;105.0;
46;112.0;112.0;117.0;101.0;
47;114.0;111.0;114.0;94.0;
48;113.0;111.0;111.0;96.0;
49;111.0;111.0;111.0;104.0;
50;114.0;112.0;112.0;100.0;
51;115.0;114.0;115.0;104.0;
52;117.0;112.0;114.0;107.0;
53;115.0;106.0;114.0;103.0;
54;115.0;105.0;114.0;102.0;
55;114.0;0.0;113.0;105.0;
56;115.0;111.0;114.0;110.0;
57;115.0;111.0;114.0;111.0;
58;114.0;111.0;114.0;110.0;
59;114.0;110.0;108.0;112.0;
60;117.0;102.0;114.0;112.0;
61;117.0;100.0;115.0;115.0;
62;121.0;99.0;116.0;109.0;
63;125.0;99.0;119.0;101.0;
64;131.0;117.0;98.0;94.0;
65;131.0;112.0;112.0;97.0;
66;130.0;119.0;106.0;95.0;
67;123.0;122.0;120.0;97.0;
68;122.0;122.0;122.0;101.0;
69;122.0;123.0;123.0;113.0;
70;122.0;122.0;122.0;113.0;
71;121.0;123.0;123.0;114.0;
72;123.0;123.0;123.0;116.0;
73;122.0;123.0;123.0;115.0;
74;123.0;121.0;122.0;111.0;
75;119.0;120.0;119.0;105.0;
76;120.0;119.0;118.0;97.0;
77;119.0;119.0;119.0;97.0;
78;121.0;118.0;118.0;100.0;
79;121.0;119.0;121.0;101.0;
80;121.0;119.0;122.0;97.0;
81;122.0;119.0;121.0;104.0;
82;121.0;119.0;120.0;100.0;
83;122.0;121.0;122.0;101.0;
84;124.0;122.0;123.0;0.0;
85;121.0;121.0;121.0;0.0;
86;124.0;122.0;122.0;0.0;
87;119.0;123.0;121.0;94.0;
88;120.0;122.0;89.0;122.0;
89;123.0;122.0;123.0;80.0;
90;124.0;122.0;122.0;87.0;
91;119.0;119.0;120.0;0.0;
92;125.0;106.0;119.0;87.0;
93;131.0;105.0;124.0;80.0;
94;135.0;105.0;123.0;79.0;
95;135.0;112.0;126.0;88.0;
96;133.0;122.0;133.0;97.0;
97;134.0;125.0;132.0;100.0;
98;133.0;128.0;132.0;105.0;
99;130.0;129.0;132.0;106.0;
100;130.0;129.0;131.0;115.0;
101;133.0;130.0;131.0;117.0;
102;131.0;131.0;131.0;119.0;
103;128.0;130.0;130.0;122.0;
104;124.0;128.0;127.0;122.0;
105;126.0;126.0;125.0;122.0;
106;128.0;126.0;127.0;121.0;
107;123.0;129.0;129.0;123.0;
108;130.0;0.0;131.0;123.0;
109;128.0;130.0;130.0;126.0;
110;128.0;129.0;128.0;123.0;
111;127.0;127.0;127.0;122.0;
112;128.0;127.0;127.0;113.0;
113;129.0;128.0;128.0;121.0;
114;131.0;130.0;130.0;125.0;
115;131.0;130.0;130.0;125.0;
116;132.0;131.0;131.0;128.0;
117;130.0;131.0;131.0;129.0;
118;130.0;130.0;130.0;124.0;
119;130.0;130.0;130.0;124.0;
120;129.0;129.0;129.0;126.0;
121;133.0;129.0;130.0;123.0;
122;137.0;133.0;132.0;127.0;
123;140.0;136.0;137.0;134.0;
124;142.0;140.0;140.0;138.0;
125;144.0;142.0;142.0;140.0;
126;145.0;144.0;144.0;144.0;
127;145.0;0.0;145.0;144.0;
128;143.0;144.0;144.0;144.0;
129;147.0;144.0;142.0;143.0;
130;147.0;146.0;146.0;145.0;
131;152.0;147.0;147.0;145.0;
132;151.0;148.0;147.0;148.0;
133;155.0;151.0;151.0;150.0;
134;157.0;148.0;151.0;150.0;
135;155.0;154.0;153.0;149.0;
136;156.0;155.0;154.0;152.0;
137;159.0;152.0;152.0;154.0;
138;160.0;155.0;152.0;157.0;
139;160.0;158.0;167.0;159.0;
140;159.0;158.0;158.0;158.0;
141;160.0;158.0;160.0;159.0;
142;159.0;159.0;160.0;159.0;
143;160.0;158.0;159.0;158.0;
144;162.0;159.0;160.0;160.0;
145;163.0;160.0;162.0;162.0;
146;161.0;161.0;163.0;162.0;
147;159.0;161.0;162.0;162.0;
148;159.0;160.0;160.0;158.0;
149;161.0;160.0;156.0;160.0;
150;162.0;162.0;156.0;161.0;
151;163.0;163.0;159.0;162.0;
152;165.0;161.0;163.0;162.0;
153;164.0;162.0;164.0;165.0;
154;167.0;164.0;165.0;164.0;
155;170.0;168.0;168.0;168.0;
156;172.0;170.0;171.0;170.0;
157;173.0;168.0;171.0;172.0;
158;174.0;165.0;168.0;173.0;
159;176.0;0.0;165.0;174.0;
160;176.0;172.0;170.0;175.0;
161;174.0;174.0;173.0;175.0;
162;171.0;172.0;173.0;172.0;
163;173.0;171.0;171.0;171.0;
164;175.0;173.0;166.0;173.0;
165;176.0;175.0;165.0;175.0;
166;177.0;176.0;166.0;176.0;
167;177.0;176.0;172.0;177.0;
168;180.0;178.0;176.0;178.0;
169;179.0;179.0;178.0;179.0;
170;180.0;179.0;178.0;179.0;
171;180.0;180.0;179.0;179.0;
172;180.0;180.0;179.0;180.0;
173;180.0;180.0;180.0;180.0;
174;180.0;180.0;179.0;180.0;
175;182.0;181.0;181.0;181.0;
176;182.0;181.0;182.0;182.0;
177;181.0;181.0;181.0;182.0;
178;180.0;180.0;181.0;180.0;
179;181.0;181.0;181.0;0.0;
180;180.0;181.0;181.0;0.0;
181;181.0;180.0;181.0;0.0;
Steps
Count;FT0;FT1;FT2;FT3;FT4;FT5;
0;0.0;0.0;0.0;0.0;0.0;0.0;
1;94.0;93.0;88.0;85.0;78.0;80.0;
2;186.0;184.0;178.0;174.0;160.0;166.0;
3;277.0;275.0;265.0;259.0;240.0;246.0;
4;368.0;367.0;331.0;339.0;331.0;335.0;
5;457.0;458.0;400.0;411.0;412.0;417.0;
6;559.0;557.0;505.0;494.0;506.0;517.0;
7;658.0;658.0;590.0;593.0;599.0;618.0;
8;757.0;755.0;660.0;644.0;695.0;715.0;
9;857.0;855.0;735.0;723.0;792.0;816.0;
10;950.0;958.0;835.0;821.0;892.0;913.0;
11;1060.0;1065.0;921.0;902.0;984.0;1017.0;
12;1167.0;1167.0;1018.0;997.0;1091.0;1123.0;
13;1275.0;1279.0;1076.0;1092.0;1199.0;1231.0;
14;1378.0;1386.0;1214.0;1194.0;1304.0;1338.0;
15;1489.0;1492.0;1321.0;1294.0;1409.0;1440.0;
16;1604.0;1610.0;1386.0;1407.0;1524.0;1558.0;
17;1718.0;1726.0;1527.0;1519.0;1641.0;1672.0;
18;1833.0;1839.0;1527.0;1632.0;1750.0;1782.0;
19;1947.0;1952.0;1769.0;1739.0;1856.0;1894.0;
20;2063.0;2066.0;1879.0;1842.0;1966.0;2004.0;
21;2214.0;2219.0;2027.0;1996.0;2128.0;2157.0;
22;2367.0;2372.0;2182.0;2149.0;2270.0;2310.0;
23;2520.0;2522.0;2328.0;2300.0;2416.0;2460.0;
24;2674.0;2676.0;2346.0;2453.0;2570.0;2613.0;
25;2827.0;2828.0;2346.0;2604.0;2725.0;2764.0;
26;2986.0;2981.0;2671.0;2760.0;2879.0;2919.0;
27;3140.0;3137.0;2957.0;2918.0;3033.0;3074.0;
28;3297.0;3291.0;3116.0;3079.0;3195.0;3236.0;
29;3454.0;3442.0;3270.0;3235.0;3351.0;3389.0;
30;3612.0;3590.0;3422.0;3391.0;3502.0;3492.0;
Energy expenditure
Count;FT0;FT1;FT2;FT3;FT4;FT5;
0;0.0;0.0;0.0;0.0;0.0;0.0;
1;1.8;2.0;3.0;4.0;5.0;5.0;
2;5.4;5.0;9.0;11.0;13.0;12.0;
3;9.7;9.0;16.0;18.0;20.0;21.0;
4;13.7;12.0;22.0;25.0;27.0;28.0;
5;17.9;15.0;28.0;33.0;34.0;36.0;
6;21.9;19.0;34.0;39.0;42.0;43.0;
7;26.1;21.0;41.0;47.0;49.0;51.0;
8;30.6;24.0;47.0;54.0;57.0;61.0;
9;34.9;27.0;57.0;60.0;65.0;69.0;
10;39.2;30.0;63.0;67.0;72.0;77.0;
11;42.3;35.0;70.0;74.0;80.0;85.0;
12;48.3;39.0;77.0;81.0;87.0;93.0;
13;53.8;42.0;84.0;89.0;96.0;102.0;
14;59.5;46.0;91.0;96.0;105.0;111.0;
15;65.1;50.0;97.0;103.0;114.0;120.0;
16;70.3;54.0;96.0;110.0;122.0;129.0;
17;77.6;58.0;114.0;118.0;131.0;138.0;
18;85.0;63.0;114.0;126.0;141.0;148.0;
19;92.2;67.0;130.0;135.0;150.0;157.0;
20;99.60000000000001;72.0;138.0;144.0;160.0;167.0;
21;107.6;76.0;147.0;153.0;169.0;177.0;
22;117.0;84.0;157.0;164.0;181.0;188.0;
23;127.7;92.0;170.0;176.0;193.0;200.0;
24;138.8;99.0;170.0;189.0;206.0;212.0;
25;149.5;107.0;170.0;202.0;219.0;225.0;
26;161.2;115.0;203.0;215.0;232.0;238.0;
27;173.5;122.0;215.0;229.0;246.0;252.0;
28;187.4;130.0;228.0;243.0;260.0;266.0;
29;200.8;137.0;241.0;258.0;275.0;280.0;
30;214.8;145.0;253.0;273.0;290.0;295.0;
Distance
Count;FT0;FT1;FT2;FT3;FT4;FT5;
1;2887.0;2840.0;2740.0;2890.0;2830.0;3000.0;
