P15,41,F
Heart Rate
Count;FT0;FT1;FT2;FT3;
1;85.0;85.0;83.0;82.0;
2;99.0;84.0;83.0;82.0;
3;94.0;0.0;82.0;83.0;
4;100.0;0.0;89.0;85.0;
5;94.0;92.0;92.0;87.0;
6;94.0;92.0;93.0;89.0;
7;93.0;92.0;93.0;88.0;
8;94.0;93.0;94.0;91.0;
9;92.0;93.0;93.0;90.0;
10;97.0;93.0;94.0;92.0;
11;91.0;95.0;96.0;92.0;
12;92.0;94.0;95.0;91.0;
13;96.0;94.0;94.0;95.0;
14;95.0;95.0;95.0;95.0;
15;92.0;92.0;91.0;97.0;
16;93.0;93.0;92.0;96.0;
17;95.0;90.0;92.0;95.0;
18;94.0;90.0;93.0;97.0;
19;95.0;89.0;93.0;97.0;
20;97.0;92.0;95.0;92.0;
21;95.0;95.0;93.0;92.0;
22;94.0;95.0;93.0;89.0;
23;97.0;96.0;94.0;92.0;
24;96.0;94.0;96.0;93.0;
25;92.0;93.0;97.0;96.0;
26;92.0;91.0;94.0;95.0;
27;98.0;93.0;95.0;95.0;
28;95.0;96.0;96.0;99.0;
29;96.0;96.0;97.0;97.0;
30;98.0;95.0;96.0;95.0;
31;96.0;95.0;96.0;96.0;
32;100.0;92.0;95.0;94.0;
33;105.0;94.0;96.0;93.0;
34;111.0;96.0;99.0;92.0;
35;104.0;95.0;101.0;92.0;
36;104.0;94.0;95.0;86.0;
37;94.0;95.0;103.0;94.0;
38;95.0;96.0;108.0;86.0;
39;97.0;93.0;110.0;92.0;
40;95.0;95.0;106.0;92.0;
41;97.0;94.0;101.0;88.0;
42;95.0;96.0;101.0;88.0;
43;93.0;95.0;96.0;89.0;
44;93.0;94.0;92.0;91.0;
45;96.0;94.0;94.0;93.0;
46;93.0;0.0;95.0;94.0;
47;93.0;96.0;96.0;98.0;
48;98.0;96.0;93.0;92.0;
49;104.0;98.0;94.0;95.0;
50;103.0;94.0;95.0;101.0;
51;109.0;99.0;99.0;103.0;
52;107.0;100.0;100.0;100.0;
53;107.0;100.0;100.0;100.0;
54;112.0;97.0;105.0;95.0;
55;115.0;96.0;105.0;97.0;
56;126.0;94.0;103.0;95.0;
57;119.0;93.0;103.0;94.0;
58;114.0;95.0;102.0;92.0;
59;110.0;96.0;102.0;88.0;
60;103.0;97.0;88.0;94.0;
61;107.0;103.0;88.0;93.0;
62;117.0;105.0;87.0;91.0;
63;106.0;108.0;93.0;91.0;
64;107.0;105.0;97.0;93.0;
65;109.0;108.0;104.0;99.0;
66;106.0;104.0;103.0;105.0;
67;105.0;105.0;103.0;106.0;
68;103.0;103.0;99.0;107.0;
69;105.0;100.0;94.0;111.0;
70;108.0;101.0;90.0;109.0;
71;113.0;103.0;92.0;112.0;
72;112.0;106.0;89.0;115.0;
73;108.0;107.0;92.0;111.0;
74;105.0;105.0;96.0;109.0;
75;114.0;100.0;98.0;109.0;
76;113.0;107.0;102.0;111.0;
77;117.0;110.0;108.0;109.0;
78;112.0;112.0;109.0;103.0;
79;120.0;112.0;106.0;101.0;
80;121.0;118.0;104.0;94.0;
81;123.0;118.0;110.0;98.0;
82;121.0;118.0;111.0;101.0;
83;120.0;118.0;117.0;103.0;
84;120.0;118.0;117.0;110.0;
85;123.0;116.0;108.0;108.0;
86;130.0;119.0;106.0;113.0;
87;132.0;119.0;107.0;112.0;
88;135.0;124.0;107.0;111.0;
89;133.0;0.0;107.0;110.0;
90;131.0;127.0;105.0;110.0;
91;128.0;126.0;103.0;110.0;
92;131.0;126.0;107.0;107.0;
93;132.0;130.0;109.0;108.0;
94;131.0;131.0;115.0;107.0;
95;126.0;129.0;119.0;112.0;
96;124.0;127.0;113.0;112.0;
97;124.0;126.0;118.0;105.0;
98;124.0;124.0;122.0;108.0;
99;127.0;124.0;123.0;0.0;
100;127.0;127.0;124.0;0.0;
101;129.0;0.0;124.0;0.0;
102;127.0;127.0;125.0;117.0;
103;126.0;127.0;126.0;120.0;
104;128.0;127.0;126.0;0.0;
105;129.0;128.0;127.0;0.0;
106;129.0;129.0;128.0;124.0;
107;130.0;127.0;127.0;125.0;
108;130.0;129.0;129.0;125.0;
109;130.0;123.0;130.0;126.0;
110;135.0;128.0;130.0;125.0;
111;132.0;130.0;131.0;0.0;
112;134.0;130.0;131.0;124.0;
113;137.0;132.0;134.0;127.0;
114;136.0;134.0;135.0;128.0;
115;134.0;134.0;135.0;0.0;
116;133.0;134.0;135.0;0.0;
117;131.0;130.0;130.0;0.0;
118;134.0;129.0;130.0;122.0;
119;140.0;131.0;132.0;124.0;
120;137.0;130.0;130.0;126.0;
121;136.0;124.0;128.0;129.0;
122;145.0;118.0;126.0;124.0;
123;146.0;113.0;122.0;124.0;
124;146.0;0.0;124.0;127.0;
125;0.0;0.0;0.0;0.0;
126;0.0;0.0;0.0;0.0;
127;0.0;0.0;0.0;0.0;
128;0.0;0.0;0.0;0.0;
129;0.0;0.0;0.0;0.0;
130;0.0;0.0;0.0;0.0;
131;0.0;0.0;0.0;0.0;
132;0.0;0.0;0.0;0.0;
133;0.0;0.0;0.0;0.0;
134;0.0;0.0;0.0;0.0;
135;0.0;0.0;0.0;0.0;
136;0.0;0.0;0.0;0.0;
137;0.0;0.0;0.0;0.0;
138;0.0;0.0;0.0;0.0;
139;0.0;0.0;0.0;0.0;
140;0.0;0.0;0.0;0.0;
141;0.0;0.0;0.0;0.0;
142;0.0;0.0;0.0;0.0;
143;0.0;0.0;0.0;0.0;
144;0.0;0.0;0.0;0.0;
145;0.0;0.0;0.0;0.0;
146;0.0;0.0;0.0;0.0;
147;0.0;0.0;0.0;0.0;
148;0.0;0.0;0.0;0.0;
149;0.0;0.0;0.0;0.0;
150;0.0;0.0;0.0;0.0;
151;0.0;0.0;0.0;0.0;
152;0.0;0.0;0.0;0.0;
153;0.0;0.0;0.0;0.0;
154;0.0;0.0;0.0;0.0;
155;0.0;0.0;0.0;0.0;
156;0.0;0.0;0.0;0.0;
157;0.0;0.0;0.0;0.0;
158;0.0;0.0;0.0;0.0;
159;0.0;0.0;0.0;0.0;
160;0.0;0.0;0.0;0.0;
161;0.0;0.0;0.0;0.0;
162;0.0;0.0;0.0;0.0;
163;0.0;0.0;0.0;0.0;
164;0.0;0.0;0.0;0.0;
165;0.0;0.0;0.0;0.0;
166;0.0;0.0;0.0;0.0;
167;0.0;0.0;0.0;0.0;
168;0.0;0.0;0.0;0.0;
169;0.0;0.0;0.0;0.0;
170;0.0;0.0;0.0;0.0;
171;0.0;0.0;0.0;0.0;
172;0.0;0.0;0.0;0.0;
173;0.0;0.0;0.0;0.0;
174;0.0;0.0;0.0;0.0;
175;0.0;0.0;0.0;0.0;
176;0.0;0.0;0.0;0.0;
177;0.0;0.0;0.0;0.0;
178;0.0;0.0;0.0;0.0;
179;0.0;0.0;0.0;0.0;
180;0.0;0.0;0.0;0.0;
181;0.0;0.0;0.0;0.0;
Steps
Count;FT0;FT1;FT2;FT3;FT4;FT5;
1;95.0;93.0;55.0;65.0;59.0;59.0;
2;190.0;188.0;143.0;152.0;136.0;136.0;
3;285.0;283.0;198.0;212.0;197.0;197.0;
4;379.0;377.0;264.0;285.0;239.0;239.0;
5;475.0;471.0;340.0;361.0;281.0;281.0;
6;582.0;580.0;370.0;376.0;354.0;354.0;
7;691.0;689.0;431.0;461.0;433.0;433.0;
8;796.0;797.0;510.0;552.0;509.0;509.0;
9;900.0;904.0;511.0;561.0;518.0;518.0;
10;992.0;1007.0;511.0;577.0;527.0;527.0;
11;1110.0;1128.0;579.0;642.0;582.0;582.0;
12;1229.0;1249.0;667.0;737.0;658.0;658.0;
13;1348.0;1372.0;729.0;801.0;722.0;722.0;
14;1467.0;1491.0;788.0;884.0;789.0;789.0;
15;1584.0;1606.0;788.0;884.0;852.0;852.0;
16;1717.0;1739.0;838.0;941.0;914.0;914.0;
17;1847.0;1871.0;967.0;1072.0;1027.0;1027.0;
18;1978.0;2001.0;1093.0;1203.0;1135.0;1135.0;
19;2109.0;2131.0;1223.0;1333.0;1266.0;1266.0;
20;2239.0;2262.0;1316.0;1434.0;1388.0;1388.0;
21;0.0;0.0;0.0;0.0;0.0;0.0;
22;0.0;0.0;0.0;0.0;0.0;0.0;
23;0.0;0.0;0.0;0.0;0.0;0.0;
24;0.0;0.0;0.0;0.0;0.0;0.0;
25;0.0;0.0;0.0;0.0;0.0;0.0;
26;0.0;0.0;0.0;0.0;0.0;0.0;
27;0.0;0.0;0.0;0.0;0.0;0.0;
28;0.0;0.0;0.0;0.0;0.0;0.0;
29;0.0;0.0;0.0;0.0;0.0;0.0;
30;0.0;0.0;0.0;0.0;0.0;0.0;
Energy expenditure
Count;FT0;FT1;FT2;FT3;FT4;FT5;
1;1.3;2.0;1.0;2.0;1.0;1.0;
2;3.9;5.0;7.0;7.0;5.0;6.0;
3;6.9;8.0;11.0;11.0;9.0;10.0;
4;10.0;11.0;15.0;15.0;13.0;13.0;
5;13.0;14.0;19.0;19.0;16.0;16.0;
6;16.15;17.0;23.0;23.0;20.0;20.0;
7;19.65;20.0;27.0;26.0;24.0;24.0;
8;23.4;24.0;31.0;30.0;28.0;28.0;
9;27.1;28.0;34.0;34.0;33.0;32.0;
10;30.95;31.0;35.0;35.0;36.0;34.0;
11;34.49999999999999;35.0;38.0;38.0;39.0;37.0;
12;38.54999999999999;40.0;43.0;43.0;43.0;41.0;
13;42.94999999999999;44.0;49.0;48.0;47.0;45.0;
14;47.44999999999999;50.0;52.0;53.0;52.0;50.0;
15;52.04999999999999;56.0;55.0;57.0;56.0;55.0;
16;56.64999999999999;62.0;58.0;60.0;61.0;60.0;
17;61.69999999999999;69.0;63.0;65.0;66.0;66.0;
18;67.14999999999999;75.0;71.0;72.0;72.0;73.0;
19;72.55;82.0;79.0;79.0;78.0;79.0;
20;77.9;89.0;88.0;85.0;85.0;86.0;
21;0.0;0.0;0.0;0.0;0.0;0.0;
22;0.0;0.0;0.0;0.0;0.0;0.0;
23;0.0;0.0;0.0;0.0;0.0;0.0;
24;0.0;0.0;0.0;0.0;0.0;0.0;
25;0.0;0.0;0.0;0.0;0.0;0.0;
26;0.0;0.0;0.0;0.0;0.0;0.0;
27;0.0;0.0;0.0;0.0;0.0;0.0;
28;0.0;0.0;0.0;0.0;0.0;0.0;
29;0.0;0.0;0.0;0.0;0.0;0.0;
30;0.0;0.0;0.0;0.0;0.0;0.0;
Distance
Count;FT0;FT1;FT2;FT3;FT4;FT5;
1;2887.0;1770.0;1010.0;1090.0;1010.0;1100.0;
